Selecting features with genetic algorithm.
gen	nevals	avg                      	std                    	min                      	max                      
0  	50    	[ 0.75846007 20.2       ]	[0.08245056 3.2       ]	[ 0.53406123 14.        ]	[ 0.90488059 28.        ]
1  	27    	[ 0.80480301 20.78      ]	[0.06825828 3.11313347]	[ 0.66056031 14.        ]	[ 0.90528051 27.        ]
2  	29    	[ 0.86793655 21.62      ]	[0.05196097 3.39935288]	[ 0.76043959 14.        ]	[ 0.90528051 28.        ]
3  	24    	[ 0.88828864 21.1       ]	[0.04758659 2.85131549]	[ 0.72112139 15.        ]	[ 0.90530057 26.        ]
4  	28    	[ 0.90041213 20.        ]	[0.02623147 2.56124969]	[ 0.71976129 15.        ]	[ 0.90546057 25.        ]
5  	29    	[ 0.90083451 18.5       ]	[0.02676567 2.40208243]	[ 0.71430122 13.        ]	[ 0.90556055 24.        ]
6  	27    	[ 0.90087657 18.32      ]	[0.03102006 2.28420665]	[ 0.68374134 13.        ]	[ 0.90568054 22.        ]
7  	29    	[ 0.90100457 18.06      ]	[0.03093042 2.36989451]	[ 0.68450126 14.        ]	[ 0.9068606 23.       ]  
8  	37    	[ 0.89833657 17.8       ]	[0.03394718 2.47386338]	[ 0.71612135 14.        ]	[ 0.9068606 23.       ]  
9  	33    	[ 0.90566936 17.84      ]	[7.20651410e-04 2.05290039e+00]	[ 0.90204062 14.        ]	[ 0.9068606 21.       ]  
10 	27    	[ 0.9059054 17.5      ]  	[1.22261444e-03 1.94164878e+00]	[ 0.89868125 14.        ]	[ 0.9069006 21.       ]  
11 	20    	[ 0.90615982 16.74      ]	[0.00180318 1.32378246]        	[ 0.89526175 13.        ]	[ 0.90690062 20.        ]
12 	36    	[ 0.90657581 16.72      ]	[7.72235053e-04 1.63755916e+00]	[ 0.90210077 14.        ]	[ 0.9069406 21.       ]  
13 	28    	[ 0.90302661 16.14      ]	[0.02345425 1.44235918]        	[ 0.73945891 12.        ]	[ 0.90700064 19.        ]
14 	28    	[ 0.90354819 16.08      ]	[0.02296436 1.39771242]        	[ 0.74281974 12.        ]	[ 0.90700064 20.        ]
15 	28    	[ 0.89746254 16.16      ]	[0.03678283 1.34699666]        	[ 0.74301976 13.        ]	[ 0.90780053 19.        ]
16 	25    	[ 0.90355218 16.22      ]	[0.02247619 1.1187493 ]        	[ 0.74625903 14.        ]	[ 0.90750054 20.        ]
17 	29    	[ 0.90020862 16.1       ]	[0.03403413 1.06301458]        	[ 0.6902213 14.       ]  	[ 0.90778056 19.        ]
18 	29    	[ 0.90693742 16.1       ]	[0.00063079 0.57445626]        	[ 0.90322049 14.        ]	[ 0.90784056 17.        ]
19 	32    	[ 0.90664581 16.06      ]	[0.00145858 0.88113563]        	[ 0.89950074 14.        ]	[ 0.90784056 19.        ]
20 	25    	[ 0.9066962 15.94     ]  	[0.00164066 1.00816665]        	[ 0.90026062 14.        ]	[ 0.90830075 19.        ]
21 	29    	[ 0.89870096 15.98      ]	[0.03323393 1.24080619]        	[ 0.73694075 14.        ]	[ 0.90830075 20.        ]
22 	28    	[ 0.90525938 15.98      ]	[0.01712577 0.92714616]        	[ 0.78547949 13.        ]	[ 0.90878072 18.        ]
23 	34    	[ 0.90789619 16.38      ]	[6.85812505e-04 1.01764434e+00]	[ 0.90402054 13.        ]	[ 0.90878074 18.        ]
24 	22    	[ 0.9030622 16.78     ]  	[0.02460384 0.92282176]        	[ 0.78189982 14.        ]	[ 0.91080061 19.        ]
25 	33    	[ 0.90212985 17.06      ]	[0.02952072 1.19012604]        	[ 0.73612073 14.        ]	[ 0.91080061 20.        ]
26 	32    	[ 0.90448748 17.2       ]	[0.02415655 1.356466  ]        	[ 0.73690072 14.        ]	[ 0.9116206 22.       ]  
27 	33    	[ 0.90292105 17.66      ]	[0.02957352 1.38      ]        	[ 0.73640072 15.        ]	[ 0.91230044 23.        ]
28 	39    	[ 0.90921819 17.96      ]	[0.00289723 1.31087757]        	[ 0.90156077 15.        ]	[ 0.91450018 21.        ]
29 	33    	[ 0.91059416 18.3       ]	[0.00281177 1.33041347]        	[ 0.89972066 15.        ]	[ 0.91450018 21.        ]
30 	22    	[ 0.90825729 17.32      ]	[0.02467025 1.51578363]        	[ 0.73600082 15.        ]	[ 0.91512015 21.        ]
31 	25    	[ 0.91214041 17.1       ]	[0.00238158 1.37477271]        	[ 0.90416059 15.        ]	[ 0.91544024 20.        ]
32 	31    	[ 0.90760395 16.92      ]	[0.03309726 1.29367693]        	[ 0.67698111 14.        ]	[ 0.91544024 20.        ]
33 	36    	[ 0.91031345 16.82      ]	[0.022432   0.90972523]        	[ 0.75383919 15.        ]	[ 0.91582028 19.        ]
34 	28    	[ 0.91386424 16.66      ]	[0.00242273 0.97180245]        	[ 0.90166072 15.        ]	[ 0.91582028 20.        ]
35 	21    	[ 0.91495104 16.28      ]	[0.00101085 0.74939976]        	[ 0.90966023 14.        ]	[ 0.91606022 18.        ]
36 	36    	[ 0.90596149 16.16      ]	[0.04325327 1.17234807]        	[ 0.65408042 13.        ]	[ 0.91606022 19.        ]
37 	27    	[ 0.91158627 16.44      ]	[0.02438187 1.23547562]        	[ 0.74186095 13.        ]	[ 0.91606022 19.        ]
38 	31    	[ 0.91183186 16.46      ]	[0.02495451 1.15256236]        	[ 0.73744077 13.        ]	[ 0.91612023 18.        ]
39 	35    	[ 0.91169627 16.12      ]	[0.01782706 1.19398492]        	[ 0.78957977 13.        ]	[ 0.91614019 20.        ]
40 	26    	[ 0.90935312 16.1       ]	[0.03592786 1.26885775]        	[ 0.65900232 13.        ]	[ 0.91614019 20.        ]
[False False False False False False False  True False False False  True
  True False False  True  True False  True False  True False False  True
 False  True False  True False False  True False False False  True False
  True  True False False]